1 0.8690099316485584
2 0.8123997085366605
3 0.7220815516577646
4 0.6504166193737021
5 0.6415507256962101
6 0.793767292409699
7 0.7708542639745017
8 0.7352213054417229
9 0.5280675357535178
10 0.6545285410447975
11 0.7279427828517525
12 0.8618287379508252
13 0.7284142334565947
14 0.7686463597395159
15 0.735208982615074
16 0.6233177883573333
17 0.8729386649491908
18 0.672250036629296
19 0.6646280598708937
20 0.8290312023332231
21 0.5114597048470824
22 0.831905243053398
23 0.8918741655513878
24 0.6044060778753846
25 0.8808547893147937
26 0.6125753076451438
27 0.7640235414986289
28 0.8248499684887931
29 0.7062810738350175
30 0.7220472249600547
31 0.8596230765508446
32 0.7432920503656687
33 0.7924919247363742
34 0.8155911519717634
35 0.7286837229200267
36 0.5092458204606845
37 0.7341213381659212
38 0.7712106328285901
39 0.8092678578116146
40 0.6847384217696719
41 0.8375048529288024
42 0.5090923216180201
43 0.8577355137729298
44 0.7001041834545514
45 0.685174254778409
46 0.790631434685634
47 0.8308830453129872
48 0.5767141253137085
49 0.7463927978326459
50 0.5743258365309601
51 0.6067560703940367
52 0.7673551047382805
53 0.7578768134731624
54 0.5881289370621884
55 0.8266727301807921
56 0.8759877144882496
57 0.7140451728688518
58 0.6836724085951043
59 0.6040808186947674
60 0.5138241687964571
61 0.5399932702642102
62 0.5650850251000906
63 0.5695047386245364
64 0.7327587796963705
65 0.8033525157334305
66 0.7685762436198533
67 0.6877838678786918
68 0.5692519349751701
69 0.7305984077550887
70 0.5993354240262457
71 0.7294732695749754
72 0.5794645341486736
73 0.8752129026749338
74 0.7450758303110689
75 0.7520897911490227
